snare prep:
positions:     [0.30735860771662005, 
		1.2040395405457032, 
		0.027541477806214965, 
		-2.0793149344398669, 
		3.1658553746302753, 
		-0.93928924567158734, 
		-1.6434930385964062]

hi-hat prep:	  
positions: 	[0.58451542954102353, 
		1.2033627811608676, 
		0.11846266435794051, 
		-2.1186925679361868, 
		3.1662024571519791, 
		-0.97170339114578508, 
		-1.6750370056686121]


hi-hat hit:
positions: 	[0.58352055013273962, 
		1.1879665051558568, 
		0.099701149672663789, 
		-2.1152180708629822, 
		3.1662603042389295, 
		-1.0860448331675192, 
		-1.6658131146074981]

torso: 0.18100763536618233


c4
  positions: [-1.2078073788308425, -0.0064292141559385571, -1.5863507449478789, -1.3163732854486758, -1.6127767841816274, -0.022295245652539302, -0.054968978400179863]

d4
  positions: [-1.2143570016020442, -0.0068521887714608322, -1.58474719668418, -1.2809044611597116, -1.5883074664015417, -0.019728219366662608, -0.094257533250113656]

e4
  positions: [-1.2170929199748248, -0.0060908344635207589, -1.5855489708160295, -1.2368941648991192, -1.5884231605754422, -0.023165424054531786, -0.093082792407427201]

f4
  positions: [-1.2146886280714724, -0.0068521887714608322, -1.5844264870314404, -1.1914361615246916, -1.5884231605754422, -0.023165424054531786, -0.093082792407427201]

g4
  positions: [-1.2170929199748248, -0.0062600243097296008, -1.5786537132821241, -1.1488735723779342, -1.5871505246625297, -0.023165424054531786, -0.093082792407427201]

a5
  positions: [-1.2186681457046076, -0.0056678598479984257, -1.5690324236999311, -1.1055871296742594, -1.5871505246625297, -0.023165424054531786, -0.093082792407427201]

b5
  positions: [-1.2216527839294591, -0.0054986700017895275, -1.5677495850889718, -1.0647617890641046, -1.5871505246625297, -0.023165424054531786, -0.093082792407427201]

c5
  positions: [-1.2192484920261064, -0.0043143410783271783, -1.5677495850889718, -1.0169874543075406, -1.5871505246625297, -0.023165424054531786, -0.093082792407427201]

d5
  positions: [-1.2223160368683148, -0.010320580618743459, -1.5693531333526709, -0.9797813814819738, -1.6279327209626751, -0.027342280384091172, -0.070197100435040766]

e5
  positions: [-1.2228134765724568, -0.011504909542205809, -1.5640614240824646, -0.93359952455062856, -1.6279327209626751, -0.027342280384091172, -0.070197100435040766]


pitch down
  positions: [-1.2063150597184167, 0.0049065055400583524, -1.4781112371482055, -1.0790940894910739, -1.654368839699081, -0.37436942709845472, -0.14137769371797598]











